6.051381575157556370e+00 1.125482202395513553e+00 1.708883844340981728e+00 1.143888260096922682e+00 7.453367129999127760e-01 5.069125919437471595e-01 1.033568400627758566e+00 5.026736001504990003e-01 3.163754743131232394e-01 2.731691667085010544e-01 2.552648361991008419e-01 2.515429005945938878e-01 2.510435676518777415e-01
3.793697709442128030e+00 9.492762558981979737e-01 8.147172204278581020e-01 6.904022299452424738e-01 5.498280393817486233e-01 4.239809986282331300e-01 3.336734656722840642e-01 2.560784427750052994e-01 1.970923734998044352e-01 2.282526890881232395e-01 2.265571668631788105e-01 1.761639802904719498e-01 1.896884113988148157e-01
6.081654306958171219e+00 1.944532144720348299e+00 1.806022522758387483e+00 2.349242627272961847e+00 9.079441864073628521e-01 6.712850900668246856e-01 7.389224334250328319e-01 3.871661951121672662e-01 3.794230502963458762e-01 3.747875167967169019e-01 3.113220075004937137e-01 3.469789359698939868e-01 2.082729865258760582e-01
6.045287606375772782e+00 9.347343784454977822e-01 1.533115759984012616e+00 7.798788571597747854e-01 4.421662412802949138e-01 5.824647417408715944e-01 4.999259239971108881e-01 3.203028809146141742e-01 2.515744187831445711e-01 2.228964749410829449e-01 2.057240547817446863e-01 1.531730072291231926e-01 1.546854806206832966e-01
1.510877943778439203e+00 3.429094266745577602e-01 1.778955330773004384e-01 1.477994277573690951e-01 1.105183588665085148e-01 1.014212885258657382e-01 8.931109209780357938e-02 7.960050118497624672e-02 7.308199419116093165e-02 7.097529589181408860e-02 6.908002635143262182e-02 6.764196088240892468e-02 6.594633564457087760e-02
5.821761282783427305e+00 5.411902487964104225e+00 1.385555648917541571e+00 9.010563334444570138e-01 4.264121322036181772e-01 3.787762773257797866e-01 3.391988155737162836e-01 2.406071916635774410e-01 2.096133221761075083e-01 1.804815083848757273e-01 1.546303048431418303e-01 1.384121450427668876e-01 1.173495406374231165e-01
2.135023226259988860e+00 6.886793416512402288e-01 2.491301852607170630e-01 1.646706939473343567e-01 1.153801489268975189e-01 1.052081690735691410e-01 9.657951413247016503e-02 8.173447314684777198e-02 7.265128309326014666e-02 6.659318981597123210e-02 6.491913628009886306e-02 6.840522803518446493e-02 6.899360498318911350e-02
3.693427746119255062e+00 1.371593740185161892e+00 6.463937204926430979e-01 5.741083393628430009e-01 3.412373396948207294e-01 3.003229071235823389e-01 2.587586512070958467e-01 1.918613400634965882e-01 1.494214793252866547e-01 1.299409148039780415e-01 1.305620672331553878e-01 1.212075661355575401e-01 1.077376646479315386e-01
3.766885889246708530e+00 1.619951891691780332e+00 6.485314508126398536e-01 3.330947429410355820e-01 2.062292610085805777e-01 1.850016855725129805e-01 1.549089332222745863e-01 1.199270564507149972e-01 1.001093149712855984e-01 9.413205364630045091e-02 8.936849803607117837e-02 8.453666530468884055e-02 8.344633966410637538e-02
6.017200305924873760e+00 1.193441987352771960e+00 1.207903209782834386e+00 9.745594658543357269e-01 5.239970864690122188e-01 4.632143745839837345e-01 4.075920150063829794e-01 3.553435273987492482e-01 2.807254809624424308e-01 3.497990285229853891e-01 2.684191019340664286e-01 2.269878488200146038e-01 1.909196141226976173e-01
9.740286536984967825e-01 5.189908097755057126e-01 2.399112153894664701e-01 1.659297643497632535e-01 1.222208622836548075e-01 1.167972445618714050e-01 1.087492523688149693e-01 9.604540382763077089e-02 8.806867112852646839e-02 8.530780199491265481e-02 8.135942945107750568e-02 7.494911708533166794e-02 6.969809991904611646e-02
4.675878198581941660e+02 2.360036578841331334e-01 1.296364182939915011e-01 9.743297244118556688e-02 8.957002624171116201e-02 8.682224785258597921e-02 7.868364073040443052e-02 7.546030755454094519e-02 7.208744393177461685e-02 6.814893013423041490e-02 6.655746451011705644e-02 6.307991750007149734e-02 5.998639106258579767e-02
1.259856761427970184e+01 4.461014170215061192e+00 2.550026677509030559e+00 1.514736992128664195e+00 6.927549548089475540e-01 6.526845555373372854e-01 6.163057642293996441e-01 3.921153230775651921e-01 2.900310671601764034e-01 2.418138236808181074e-01 2.227348443389092769e-01 1.798200358917912134e-01 1.499736835872111651e-01
5.632058121814374374e+00 8.941638348627307664e-01 1.614169061518101911e+00 1.065351685060286213e+00 5.651058769689555339e-01 3.445551073747722404e-01 3.112493975197172524e-01 2.921800739156644733e-01 2.156809618841525333e-01 2.604994726086429790e-01 2.460491443114842525e-01 2.004858938923731460e-01 1.926728600780628076e-01
4.579365534756561829e+00 1.435603532964417894e+00 1.151721431808583773e+00 1.097021256901428821e+00 5.836339969867645472e-01 4.063445796323039705e-01 5.076976120809100212e-01 2.924165464187867824e-01 2.469420653884614181e-01 1.947177147956338228e-01 2.372912406523272899e-01 2.163435337512354117e-01 1.829306842661737875e-01
