1.402608131752742793e+00 3.098323728998471083e-01 1.401150190369548909e-01 1.133479577647173997e-01 9.475216192721935826e-02 8.511319316129456469e-02 8.270610976876857645e-02 7.820774733267182866e-02 7.315039285681879111e-02 6.029264545405968456e-02 4.942585409537172958e-02 5.325228391017450269e-02 5.990189555792065079e-02
9.040039503868683823e+00 4.071200862840834489e+00 1.421954307934988337e+00 1.398290161002509358e+00 5.137011059037893679e-01 4.602511750256905732e-01 4.414000969990149459e-01 2.208168155632781182e-01 2.069368498532005718e-01 2.399963051723822960e-01 1.886459719752759112e-01 1.305565859550844032e-01 1.257340390624433202e-01
7.431350182532995063e+00 3.284877521401180278e+00 1.500637967633669634e+00 1.028724637395140640e+00 5.083133300952271671e-01 3.406833097990998871e-01 3.619375864143820620e-01 2.191025998368353878e-01 2.055550376392117351e-01 2.051349128179862369e-01 1.585912036882843601e-01 1.337723547629061371e-01 1.269280362946086371e-01
6.835376922626892338e-01 4.692195771125675097e-01 1.827712776329433186e-01 1.345757241970328977e-01 1.178108737894990599e-01 1.152341186951039709e-01 1.065907500450608836e-01 8.874090677857771059e-02 8.384393871044179547e-02 8.845585170326815405e-02 7.998071905828828265e-02 7.552701514792578563e-02 6.724961716257668587e-02
1.373089824087884381e+00 3.661755774054111789e-01 1.401149530801832910e-01 1.258333301815155458e-01 9.500655236970967366e-02 8.573473513934343204e-02 8.339944964206376377e-02 8.036631981925991541e-02 8.086062517767665658e-02 7.397410989342485810e-02 6.468917698029204300e-02 6.326273677891097735e-02 6.656430227736861993e-02
2.371792110233077722e+02 6.851749568893982456e+00 5.039028610260556373e-01 2.936030088120786807e-01 1.106397346090605971e-01 9.497742872419538684e-02 8.842892042444865097e-02 8.924258286854344635e-02 8.040528151936153500e-02 7.748289483669042188e-02 7.041331287971130948e-02 6.993241212248046956e-02 7.200522815245652408e-02
3.580147892926902387e+00 8.295713616220297126e-01 3.158668438122740341e-01 4.083755036726297583e-01 2.116980312357751304e-01 1.989865756217767678e-01 1.698563518449253962e-01 1.424851884340182506e-01 1.153903909693335395e-01 1.120615462188738753e-01 8.923100947455656073e-02 8.556650079482072679e-02 8.581484186517597534e-02
1.394060313925592709e+00 3.790693474203061797e-01 1.742220621032277705e-01 1.222925153595417758e-01 1.099569313926096331e-01 1.095733136033684996e-01 1.025014678456612482e-01 1.006005736083334656e-01 1.026264564279452673e-01 9.831226721593927520e-02 7.835523793301496509e-02 7.046722246275263779e-02 7.331510807311278355e-02
5.094689658236475793e+00 1.175155939467344979e+00 7.915084129429457160e-01 4.469213609245402674e-01 4.561422769979045500e-01 3.829808394394151883e-01 2.497984303311850951e-01 2.429434247832078508e-01 1.924229303252207313e-01 1.711820336297065204e-01 1.834896106841656938e-01 1.261009218402043552e-01 1.108751213169554273e-01
4.631532282248102206e+00 7.418422304207652473e-01 1.120201020744249876e+00 6.178523719840403050e-01 3.192526594266021922e-01 3.746005630038486967e-01 2.835430289920978786e-01 2.972413152960977634e-01 2.508320449037700905e-01 2.049890784514165620e-01 1.498170719554560160e-01 1.538126780921761361e-01 1.262314279528583549e-01
7.814850222209457797e+00 2.126205854095125858e+00 6.752487625754119982e-01 3.249439787916136302e-01 2.091453077196694099e-01 1.897881509474463879e-01 1.876411102061247282e-01 1.412311985243051016e-01 1.279612735255022948e-01 1.365076774345045374e-01 1.080025858751528234e-01 1.237511040278559682e-01 1.078840680441767730e-01
3.479514851798569453e+00 8.447134479366020798e-01 3.672672733178798943e-01 5.390338882717935487e-01 3.239400216440218028e-01 1.917700627259549262e-01 1.608092599123285837e-01 1.587916949459905747e-01 1.469582513349921293e-01 1.225984530056689614e-01 1.045592107991064057e-01 9.723967238276175207e-02 9.107968631530873049e-02
1.431596851531708126e+00 2.835571092730903020e-01 1.479121283362314632e-01 1.240705814012263986e-01 1.084077893738908394e-01 1.032655018983709150e-01 9.766212777080929275e-02 8.648840401339980000e-02 7.729310991524983299e-02 6.485682849596074995e-02 5.469186291266556199e-02 5.776441419606218042e-02 6.503833623706407885e-02
5.369792443527600767e+00 6.136349733197228318e-01 7.286070263158872518e-01 2.801515632626191410e-01 2.681288688355246697e-01 2.633055161511093090e-01 3.194399188252474708e-01 2.252590705038962637e-01 1.622044446187496380e-01 1.794723940261379880e-01 1.268624120607152461e-01 1.573435480532172359e-01 1.262361899208891414e-01
4.762183076955508909e+00 1.256623702589481972e+00 8.307930166868324751e-01 6.865330699300162820e-01 3.275817169023066411e-01 3.032708468229939336e-01 3.934337814753115503e-01 2.791501031135714128e-01 2.771605896371530098e-01 1.995664073870377919e-01 1.963404114200307526e-01 1.511943569375742147e-01 1.413972187193324181e-01
