-1.682227792857701942e+01 2.066186006175030621e-01 1.261786007550289357e+00 1.399453548965652772e+00 9.017458494255751189e-01 6.275306158599924800e-01 5.753611868395979156e-01 5.807069887849413137e-01 5.274857150733618383e-01 4.728893919072836294e-01 4.043630881763558560e-01 3.514129380685947490e-01 2.306025471097609969e-01
4.200184455290193597e+01 3.291572815435422239e+00 1.347102816982978180e+00 1.294779041155390997e+00 4.105265135824719414e-01 3.122980084682929203e-01 2.985824732052598796e-01 4.719903846826474236e-01 3.146668893650280130e-01 2.670386981103335389e-01 3.558032510445622298e-01 1.999351148802585854e-01 6.906215238852746185e-02
-9.429177992731657909e+00 2.434128492298800184e-01 1.215189369524046104e+00 1.796137996901662648e+00 8.093732371505368839e-01 3.139618012997864582e-01 -8.566709712821808653e-02 6.289156211941238084e-01 2.510955441664411980e-01 3.007389156539963526e-01 2.451881942128146183e-02 1.728195215877171009e-01 3.026053421928626697e-01
3.603814030179871253e+01 5.716547353278746968e-01 1.369904691950743381e+00 1.419395133178839696e+00 8.601842676331852289e-01 5.484457010698642332e-01 4.877317956897974649e-01 4.921431304588346767e-01 4.289145361318729699e-01 3.471789143900600449e-01 2.463621829689212339e-01 2.082191208741524246e-01 1.261944505404029859e-01
-1.557479497503891785e+01 1.226635192975179089e+00 1.639609656765148804e+00 1.422306784385617417e+00 7.200753251066648319e-01 3.817407572563301099e-01 3.150908535654735609e-01 3.417732718483144638e-01 3.007290329698216191e-01 2.381625742277754254e-01 1.559558540621112099e-01 1.479486881752383742e-01 7.699658998144044697e-02
-1.418453908069049163e+01 -5.570185950667176922e-01 6.570306230521275603e-01 2.200218405444617220e-01 1.564936413539751991e-01 -6.283331495019688941e-03 5.554600282135906814e-02 6.446220551350248518e-02 5.737359822338090887e-02 -8.146183549411099498e-03 -2.738737130792079713e-02 -2.299001422052290161e-02 -8.148162441757731550e-03
-1.282156896426540627e+01 3.311502258572792901e+00 2.254800339978925372e+00 1.642213505980505195e+00 8.088510906895957087e-01 4.995158501070780521e-01 3.749710144161073067e-01 3.444386523581087767e-01 1.573574564895860728e-01 6.729394531827027903e-02 8.854848342670919303e-02 6.561179642267064849e-02 3.800292252736081622e-02
-1.600163227093735685e+01 1.107276326937805644e+00 1.489028762580222320e+00 1.117216787937629796e+00 3.008919068894789772e-01 -1.568382222002809995e-02 6.362000744377770134e-02 3.377449266817776352e-01 5.524745509074887595e-01 6.493757383517425597e-01 5.728636165636192823e-01 4.446880218509252081e-01 2.057338379787460314e-01
-9.859462416005360552e+00 5.046855451927438452e+00 1.353563691437818406e+00 9.653523565474848378e-04 -4.185286729485964696e-01 3.631795195637300133e-01 8.516217635317671064e-01 5.575021055021960326e-01 -7.982868163498742231e-02 -2.371528001684981568e-01 1.554290584290802801e-01 4.181264678024240178e-01 3.304755401023403150e-01
-7.231224490859771592e+00 4.135815024746386293e+00 -1.737413785885977835e-01 1.069133402577237435e+00 2.851125523053949506e-01 1.153893236020486490e-01 -6.852047302987973598e-02 3.483708657546373266e-01 4.937272839389176271e-01 4.298437334739762528e-01 4.874069672398557707e-01 -2.164449902515748134e-02 -9.116762988350469998e-02
-1.177965288061388449e+01 2.936076972808023378e+00 1.205965260632473557e+00 6.701064569492011236e-01 4.187817347998893935e-01 8.743265590627654626e-01 8.210366182467625507e-01 7.072446711192467150e-01 4.901718540846768946e-01 5.715522272168308549e-01 5.349067106500832169e-01 1.912992389551468053e-01 -3.308611884154687155e-02
-1.287468806939330257e+01 2.903049363410459716e+00 1.549831138493972249e+00 1.116356008616525841e+00 1.889582079876307719e-01 -5.454376679185148763e-02 1.071656353543048827e-02 3.833584786246667653e-01 5.385507360386514453e-01 6.274166427772021049e-01 5.847957538362779095e-01 3.324483898360226508e-01 7.203329337500558038e-02
-1.710436063382541860e+01 3.022312766979122489e-02 1.237560646505854844e+00 1.446118284466967108e+00 9.770063117225741278e-01 6.726458696813443217e-01 5.801080701763468017e-01 5.037517394919686087e-01 3.446922414198436146e-01 1.840154354661117375e-01 5.701439423002207380e-02 5.708717892347674183e-02 4.422606821522469256e-02
-8.604560487857005668e+00 4.699743517646419733e+00 3.830502139292628616e-01 -9.653714131742280324e-02 -4.337016633851334957e-01 9.000552089064197681e-01 1.008998987498029853e+00 6.274875888384067180e-01 3.001106503124297831e-01 3.909625571252584031e-01 7.915932338016412606e-01 1.726615043465812571e-01 -2.047472274937510439e-01
-9.135398430877332387e+00 2.708178676017486630e+00 1.212938007193034018e+00 3.175212385303940898e+00 8.381972216189239600e-01 -5.935615717638859090e-01 -1.619374665432693483e-01 3.773114334173782169e-01 -5.442447669490803330e-02 -2.250575521916367283e-01 1.013010328352180051e-01 2.397244640061158838e-01 4.616143465441884669e-02
