-1.540062080316424975e+01 -3.079309067633361874e+00 1.578702651072832752e-01 -2.149043327688895944e-01 1.128221468596166538e-01 -8.774015840158995438e-02 5.583549880195601278e-02 2.035561134157795604e-02 6.698294667473593533e-02 -2.138257304850944146e-02 4.265541513690186172e-03 -1.018610236259977209e-02 1.298757936981407082e-02
-1.203793648609479128e+01 3.544358549728217067e+00 2.132318999156896044e+00 1.612881332698018477e+00 4.428478595003864648e-01 -1.295733410134245200e-01 -3.032225139942428260e-01 -2.522388968813413235e-01 -2.846360196597974013e-01 -2.217318675465058397e-01 -1.408381160485401573e-01 -1.647017154546518147e-01 -1.414922951057366596e-01
3.598851560146387385e+01 4.074276416781355548e-01 1.246959902210608817e+00 1.348834609215473046e+00 8.417910096118528251e-01 5.645763459081138969e-01 4.916014189068237394e-01 4.631393202656629016e-01 3.603178842594002562e-01 2.409578074590779939e-01 1.348679297512026809e-01 1.217508623203078094e-01 8.008634236562627018e-02
3.891315517232352050e+01 2.399904654353555156e+00 1.748675353489531847e+00 1.359138224854011145e+00 5.600362027793416297e-01 1.932841222906228618e-01 4.419258869280158486e-02 1.165483633056351581e-01 1.396470711642880391e-01 1.148697890878975503e-01 4.388058366768988333e-02 1.084323680075275666e-02 -2.585878557170638234e-02
-8.624480187788599039e+00 5.619169983574216154e+00 9.959907600373962833e-01 -4.881691134303983715e-02 -5.121364412695751378e-01 2.649406068378720724e-02 2.215639272805090265e-01 -2.183687753735110981e-01 -4.700300180056726784e-01 -2.304688244398713226e-01 1.757020269192532957e-01 2.450260389554381468e-01 5.289673489882639607e-02
4.758769363438494793e+01 5.312527446714410573e+00 -5.281712653478125574e-01 1.268116140698902772e+00 2.297223481352474173e-01 -5.375327778113333510e-01 -4.910343389446915063e-01 -4.514617486649810107e-01 -5.670486850165840781e-02 1.285121734111553671e-01 2.178585519523921488e-01 6.263056168016208070e-02 -8.892983841577645210e-02
-1.384869307555304907e+01 2.246221650635386258e+00 1.649602284002451791e+00 1.217490279422812627e+00 5.219497516578496255e-01 2.257100869568073320e-01 1.614747909882300325e-01 2.359112112805765993e-01 2.582422905483318099e-01 2.422370607797490194e-01 1.721022678584775700e-01 1.290782370770887089e-01 5.221803503468343960e-02
4.282490698834218534e+01 2.646085821941383198e+00 1.673265802759541510e+00 1.838482377416026159e+00 3.968193687968394334e-01 -2.980372032511138247e-01 -4.955533151048087670e-01 -2.051174337328733888e-01 -1.575778398219130627e-01 -1.463817789822042248e-01 2.177178613656060094e-03 -7.245634171699204262e-02 -4.920326878025681888e-02
4.394832918510135755e+01 5.462096076020647395e+00 8.001363537782907320e-01 -1.049742596911303200e-01 -5.189096396590270333e-01 1.928831408650485968e-01 2.521595324591534015e-01 -1.375297387898164470e-01 -1.779105310176856969e-01 -3.707223743346475114e-02 1.817431119831051933e-02 -1.727590868729060036e-01 -2.211965673661282772e-01
-7.959670482332453112e+00 3.294043212922400876e+00 1.011918172562554563e+00 2.631933701705371220e+00 4.153173622365128881e-01 -9.111623274641276193e-01 -8.023274322263418412e-01 -3.539173831364990641e-01 -3.552432136078705893e-01 -3.759461631878636689e-01 -5.020134795160484387e-02 -1.465867443802524595e-01 -7.981487741515425061e-02
-1.640340036301288151e+01 4.607769998586281335e-01 1.211720228651820497e+00 1.233393175179354317e+00 7.208090171501573273e-01 4.360395231162133567e-01 3.303722967273936550e-01 2.579520507031951015e-01 1.365067728962387206e-01 9.050987286344085517e-03 -7.324071686089524136e-02 -4.901828796152606083e-02 -3.386434718998030530e-02
-8.026895722747676487e+00 4.530052160720603460e+00 -1.721836752993040343e-02 8.704611218071894863e-02 -4.676671870254205388e-01 1.394094507728687593e-01 1.040842712638443274e-01 -8.511544577932851630e-02 8.792470039856145614e-02 1.192477504654532033e-01 -1.888169023599174379e-01 -6.417712556525445589e-01 -4.241577523943607098e-01
-1.677810538861583112e+01 1.873122248572576809e-01 1.246395528686959242e+00 1.385539259162321013e+00 8.999259489470485818e-01 6.300812491712909358e-01 5.759788423051420692e-01 5.449196454735769635e-01 4.474901885642296739e-01 3.249423501937384606e-01 2.188718863255410541e-01 1.899144166619086138e-01 1.178599766741044441e-01
-1.039031954708461036e+01 7.605992664273627524e-01 1.339941239484358615e+00 1.161026180246472528e+00 3.913779242614919829e-01 2.385197355780730721e-01 -1.601441284654046560e-01 6.145659528103214475e-02 1.859276332902496109e-01 1.504749140020504028e-01 1.097185952291592631e-01 4.411288009051209796e-02 4.246423633837977107e-02
-5.379231913287187083e+00 5.230056154228937437e+00 -5.793288833849977726e-01 9.636895089341785958e-01 2.405641064270517271e-01 -4.099234596135252762e-01 -5.132307545940828497e-01 -5.785884940294908629e-01 -5.761157481339908987e-02 3.347616645648041622e-01 4.157763597193435690e-01 1.883291688237551664e-01 -1.117946286127985411e-01
