3.842088406870856204e-02
6.284257990780667269e-02
3.507175943762334130e-02
2.827381226186846327e-02
1.059055986638711561e-01
3.734517969809818261e-02
3.109653359004171946e-02
3.718966594974688900e-02
4.450049555779087007e-02
3.461697233653249911e-02
2.845559737849882517e-02
3.689825300744277448e-02
6.727682829489714522e-02
3.817123788592621803e-02
4.313039552620773903e-02
2.968708308389857858e-02
4.238576940679966015e-02
3.477703131965401845e-02
2.763812171767688827e-02
1.897996879609685147e-02
6.703489753471554569e-02
2.978366880940816822e-02
3.363258630955091866e-02
3.956432415711651912e-02
7.320755300021674142e-03
