3.349401285505244560e-03
3.152994452623394950e-02
4.266321511650531667e-02
4.624380819842406620e-02
2.866648320896985833e-02
6.261376503216524447e-02
5.611534833345961648e-02
3.367408491464230630e-02
3.542139766995736072e-02
4.540815482696342748e-02
5.537450443458449140e-02
4.737405594414191567e-02
4.950956014594608962e-02
4.819476169225588025e-02
3.308842193659754238e-02
4.254974606025640343e-02
7.150650981587391812e-03
1.670987238621682996e-02
3.582938768913970784e-02
3.501724047434258413e-02
7.126746498365563176e-02
5.093729503519308505e-02
8.492490149811335320e-02
3.085589226714001779e-02
5.530641358002679787e-03
