4.783334901793153904e+00 2.525732839122706963e+00 1.175777261150588116e+00 9.553911548825038125e-01 4.057364169308109725e-01 3.472217537006896948e-01 4.064015474073990331e-01 2.769099525211095036e-01 2.569094895610360418e-01 2.113666880546812565e-01 1.934946794583197183e-01 1.464377820257410368e-01 1.543355219874237849e-01
5.932979239423730178e-01 4.363557234819206432e-01 1.787896168714389056e-01 1.363087402223470690e-01 1.165396251498546087e-01 1.117734339108765740e-01 1.042932261812064554e-01 8.890486703482974873e-02 8.485140916501834885e-02 8.769338197317984307e-02 8.002132557469598950e-02 7.679328572027047106e-02 6.853803127337401713e-02
3.980992696127003683e+00 6.162459286021615412e-01 1.008245897448255324e+00 6.526639012550290442e-01 2.710669234299527552e-01 3.261594269588961037e-01 2.790873328534317910e-01 2.956360926762621189e-01 2.287262782383850390e-01 1.804989265221171035e-01 1.272415558839517513e-01 1.508123334251883774e-01 1.173318379187833493e-01
1.438206714114855345e+01 4.236311411774179803e+00 1.095586913890938652e+00 6.232958692652190713e-01 3.833383421569006577e-01 2.745631748377940773e-01 3.707613894237902219e-01 2.049823331142860416e-01 1.667951049302054123e-01 1.582318195023934282e-01 1.337365817689455394e-01 1.303383189470992964e-01 1.362051885290365694e-01
1.728277527612249287e+00 4.487051013992967574e-01 1.642594435403410547e-01 1.197350363134479512e-01 9.473055579699629636e-02 7.778105597772796975e-02 7.089386323560334380e-02 6.756262335680328357e-02 6.895974553846917487e-02 6.841184248327762674e-02 6.762564680231444858e-02 6.764109861525584300e-02 7.051361410000729635e-02
9.160282261695556372e+00 4.138621670952803200e+00 1.430637594650669531e+00 1.411275765179650810e+00 5.182291589486139882e-01 4.624099128321810248e-01 4.445580518638932999e-01 2.216833154184477683e-01 2.086170356787148406e-01 2.416314680960687800e-01 1.894412726212303666e-01 1.304010624590083989e-01 1.269316300872901926e-01
5.849967338867770650e+00 1.153254611731082235e+00 1.205751520456333381e+00 3.153450677118797563e-01 3.334703906597197287e-01 3.649159561127040541e-01 2.800337897172879842e-01 2.310182362293979885e-01 1.863952346039062513e-01 1.639896582643952383e-01 2.203648296380656957e-01 1.429817109506988371e-01 1.603218078697191407e-01
1.412033331858708607e+00 3.182093302173509830e-01 1.389971156180538348e-01 1.100780972702146698e-01 8.838061800615126806e-02 7.762847268065109496e-02 7.196146148054999303e-02 6.888189255719390225e-02 7.193909952893751125e-02 7.288727356822888304e-02 7.144274061680148946e-02 7.072770066078878926e-02 6.789008911385691070e-02
1.387741486850416095e+00 3.892936803596007689e-01 1.600621430273281298e-01 1.251975127688655931e-01 1.116267169565832162e-01 1.170481926139646245e-01 1.075002563653241761e-01 9.385760808672524713e-02 8.754044546024020157e-02 8.030833061244790905e-02 6.718724845645085431e-02 6.480584854927068372e-02 6.974857518785573807e-02
5.102241867540755038e+00 1.098275297494106795e+00 3.778695535203047129e-01 5.265031950413123774e-01 3.111645967956402359e-01 2.438451133890041644e-01 2.013345972848571142e-01 1.696204656782643871e-01 1.445335651472121619e-01 1.177722577096048662e-01 9.509231999166045668e-02 9.868440569861280931e-02 9.139970324598917228e-02
3.415216396349833872e+00 7.356690208628045013e-01 5.229064101648681628e-01 3.365803635013623341e-01 2.957846726426664463e-01 2.816654459480762984e-01 1.921557831044081177e-01 2.022944458186500261e-01 1.607716969313460753e-01 1.640035818765294140e-01 1.544633945645886297e-01 1.226133820609205116e-01 1.211099057807683843e-01
2.774334518096651436e+00 8.251580505050810643e-01 3.017061739697561862e-01 3.756339192168565155e-01 1.887543340797017688e-01 1.606159934085742702e-01 1.357761913395388598e-01 1.107962919081561387e-01 8.844999093426073045e-02 8.269730371444408701e-02 7.316789554409883212e-02 7.261156690178599549e-02 7.270082737690253261e-02
4.986086618105971979e+00 8.732574197799465310e-01 4.382180344014396933e-01 2.397801700818605886e-01 2.544834020154669307e-01 2.804343067361232400e-01 2.051860596194270414e-01 1.207031083075305045e-01 1.177324307168364087e-01 1.231237915904750263e-01 1.123334151082515664e-01 8.815509428284110105e-02 9.235411452848338310e-02
4.790823130432289645e+02 1.861875464698279359e-01 1.223468285465685451e-01 9.775239166322435835e-02 8.366975012037718151e-02 8.693956882056759483e-02 8.273385289099098594e-02 8.083232681409514842e-02 7.061165307085086329e-02 6.859213032267569288e-02 6.530446346885293574e-02 6.271794444648728928e-02 5.792818286161909719e-02
5.918189619761477616e+00 8.844247366397191001e-01 8.482277422042927562e-01 3.765280574271888114e-01 3.784238713931219467e-01 2.336425226897244078e-01 2.958570169842215658e-01 2.485642373181226883e-01 1.944168743054844606e-01 1.650749939993871318e-01 1.336865916014330358e-01 1.296664311623076937e-01 1.077415816850873648e-01
