4.349306776816298736e+01 5.596939408363170720e+00 1.185345964161760968e+00 -1.034376016650550602e-02 -4.346352780368679114e-01 1.421055769677948000e-01 1.641849294716677954e-01 -2.016880103201623420e-01 -2.805207540821712531e-01 -1.226290028670114218e-01 3.002869702345136588e-02 -9.604901901640540418e-02 -1.819414993310551620e-01
-1.293094142416267189e+01 1.953949450888820660e+00 1.099505630007020729e+00 1.125237633496349865e+00 4.830553862756221672e-01 3.260104338089443443e-01 1.599986306319760576e-01 2.451568238115718612e-01 3.206589734671242420e-01 2.834142810975466276e-01 1.827996925881875956e-01 1.118416993320748565e-01 4.782158980670965509e-02
-5.689827052596671209e+00 5.097108792534486454e+00 -6.338006285850145138e-01 5.121531291192976676e-01 -1.303297029071375512e-01 -2.068954171412341614e-01 -2.157414072495922042e-01 -3.795382602886762102e-01 -3.315211824807975938e-02 2.591446204081387372e-01 2.361507580374947457e-01 -6.265626380652233873e-02 -1.657444850670257708e-01
3.601744226786262715e+01 4.538244530071718907e-01 1.268548753787728023e+00 1.356389300715066470e+00 8.358204109900528866e-01 5.496085383410557190e-01 4.721897859220643423e-01 4.440826956865563946e-01 3.450169950333181190e-01 2.304348927360346244e-01 1.242476627697250008e-01 1.106247215467199702e-01 7.042041717946406765e-02
4.753030817996712187e+01 5.395356551381886412e+00 -7.318817997616491322e-01 6.952523877087964932e-01 -5.429336470920242963e-02 -2.751809713849048267e-01 -2.349653339483473435e-01 -3.757893095431853459e-01 -7.617506301408193993e-03 2.283742543558032745e-01 2.014727080481834021e-01 -5.656588274483643347e-02 -1.519974342450047533e-01
-1.585097838098032241e+01 -2.910974912544958215e+00 2.139253046986624440e-01 -1.862870490779590105e-01 1.172705956577024533e-01 -8.095350497304737436e-02 6.017451765078642156e-02 2.501781646417003749e-02 6.546863971085105371e-02 -2.449728840375437616e-02 2.137399930341969592e-03 -8.832412605756600685e-03 1.104559429950099578e-02
-1.557363212737869240e+01 1.130972244636882618e+00 1.473543465268882802e+00 1.269376964111183170e+00 6.419046736928958330e-01 3.132721586266770664e-01 2.165722914789716957e-01 2.052447545463017275e-01 1.437621697357329142e-01 7.143252729231293341e-02 2.274108594590019961e-03 9.337293613980623269e-03 -5.642679397620707464e-03
4.448913365295633326e+01 3.363609059359683684e+00 1.202201836820324665e+00 2.528330251911543591e+00 4.281901890666460209e-01 -7.728856534167152237e-01 -7.648590325238069365e-01 -3.406305412918242959e-01 -2.896627878999009642e-01 -3.203553102240543904e-01 -1.955217243366993637e-02 -1.033833805226525016e-01 -7.434885898772394808e-02
-9.330610773003469305e+00 5.125983465036273223e+00 9.635238347864185648e-01 -6.423324946323864804e-02 -5.053371439577863944e-01 1.645913223269503123e-01 2.432723621192322550e-01 -1.391261408959785228e-01 -2.699655203890605204e-01 -1.273501157541059581e-01 -9.232792265709129044e-04 -1.277521435510479697e-01 -1.749302094537457941e-01
-8.467746089731679859e+00 -4.510216558835135059e-01 2.008798958477662655e+00 1.221218122680115092e+00 3.268773773151256723e-01 1.153022912200214467e-01 -4.243729571636710718e-01 -5.225429406497068829e-02 4.002115852061467749e-02 -3.619580805263596535e-03 1.435221805642684402e-02 -5.057475031723652342e-02 1.475952068682366905e-02
-1.684483282895942580e+01 1.511252987525677771e-01 1.223658284733661228e+00 1.363340183549697215e+00 8.938260842930196848e-01 6.297303497592966481e-01 5.750098306674417126e-01 5.264271342956754474e-01 4.090846313898323094e-01 2.740280420574684461e-01 1.704302184254726793e-01 1.517185490019335170e-01 9.485565736121930047e-02
3.974235147161024173e+01 3.621157061780215791e+00 2.501075157625772150e+00 1.754469256843625091e+00 5.344756061760106425e-01 -1.206073460861072782e-01 -2.943822336706179432e-01 -2.138924026492034502e-01 -2.067693228315833076e-01 -1.836150746515251841e-01 -1.332917964787040943e-01 -1.395405333886346189e-01 -1.407930474252420405e-01
-1.207824851893971996e+01 3.508539181203946811e+00 2.178826545056650410e+00 1.688104038174368160e+00 4.504955489951528724e-01 -1.679108609431610444e-01 -3.386954907537432224e-01 -2.646245685353354471e-01 -2.907046178108630974e-01 -2.158222003075259965e-01 -1.207529540945068147e-01 -1.493371476825612609e-01 -1.264353028974747606e-01
4.061335508248956927e+01 1.498760795150477554e+00 1.386373164934973312e+00 1.171281912837223604e+00 4.699268153652313984e-01 2.381894999990306072e-01 -1.801330363263400902e-02 1.702057220408351446e-01 2.554163786289246896e-01 2.256464864819471006e-01 1.430635351658278154e-01 6.901924151630586812e-02 4.019680071816134070e-02
-7.853158484792350791e+00 3.643626818883588747e+00 8.576602170002922687e-01 2.463777148726066457e+00 4.532272149469054323e-01 -8.504242271525049857e-01 -8.007254192270564230e-01 -3.862029901284732558e-01 -2.883113744919576504e-01 -2.896674339935481068e-01 4.814799489382503412e-04 -7.820516735571064748e-02 -6.563430368187368746e-02
