-9.080816445114603397e+00 2.158267096431896626e+00 1.172216324855739344e+00 2.945207493816740740e+00 8.678750031366861961e-01 -4.179619570667401640e-01 -1.543121423571232886e-01 4.097702681828070959e-01 -3.373485340158004914e-02 -1.428270079146093385e-01 2.558207625104930508e-02 2.247616524013107686e-01 1.299705724893333858e-01
3.592551514607965402e+01 5.006886935082180967e-01 1.346595269553497731e+00 1.427352713141436968e+00 8.773371133450512671e-01 5.656754268475937542e-01 5.037653396626216029e-01 5.051305033168143055e-01 4.371650351563261538e-01 3.516048098447753789e-01 2.477986272844258653e-01 2.086868492934833286e-01 1.284006396848571263e-01
-6.788753016974489185e+00 4.066700264122460773e+00 -3.526103106283531852e-01 1.289568881707998216e+00 2.694777596805238984e-01 -1.273476173403119138e-01 -1.871862378356361212e-01 3.968385707280038255e-01 5.392002854931881028e-01 3.247107040400600275e-01 4.223987223347574482e-01 2.532430244499283417e-02 -3.621950390803815173e-02
-1.105494895722611837e+01 9.173451211088133883e-01 1.297137145817682802e+00 1.275124264605236535e+00 7.322093932619608836e-01 5.762359204890812325e-01 2.189851050110543929e-01 6.385066114529892589e-01 3.744232090562611415e-01 4.145507138454809781e-01 1.722155916837865564e-01 1.123184959526168369e-01 1.598881594520158711e-01
-1.673128316559733975e+01 3.795970620121458805e-01 1.288126957680174378e+00 1.339557371167336308e+00 7.698828043525257625e-01 4.288875967103504827e-01 3.380198767234290913e-01 3.185951938860469013e-01 2.455457985437810575e-01 1.740711443020006299e-01 1.039282487080676054e-01 1.169075290627846903e-01 8.061210145302777352e-02
4.200841407472601219e+01 3.279088612919209389e+00 1.342897375892231127e+00 1.303768261786073523e+00 4.157213448025574021e-01 3.136617997217714393e-01 3.005720622466948044e-01 4.790753370278388878e-01 3.187614871715432896e-01 2.694559734236117166e-01 3.595637510314391716e-01 2.017941222268722357e-01 7.008860005845081453e-02
-8.728401466013545829e+00 5.277649348549265262e+00 8.003114192584673825e-01 -3.840386081508772587e-01 -7.477064360497915896e-01 2.646214030029758746e-01 8.970219396917998855e-01 6.244856519043260334e-01 -5.811002104990890815e-02 -2.101703028971622922e-01 2.825437082083713802e-01 4.437908055687089792e-01 2.414045502815427013e-01
-1.688855418992323010e+01 1.488972779583165595e-01 1.293052604981020481e+00 1.476419828483738428e+00 1.008937188357935444e+00 7.360964223046073673e-01 6.692535947145535902e-01 6.193847378649396385e-01 4.911272130467914110e-01 3.613185330791190419e-01 2.536286607019428985e-01 2.178496749732773130e-01 1.441148387442225398e-01
-1.596410500896792861e+01 1.031819096464793750e+00 1.489895412901217853e+00 1.222483440902155216e+00 4.767396297036602948e-01 1.794510686384809817e-01 2.144337009582385489e-01 4.126999176197591046e-01 5.509964853332889323e-01 6.006799345766462572e-01 5.182188861736338747e-01 4.134416752219435276e-01 2.103240141151351827e-01
-1.277790754953277741e+01 2.835305700872131407e+00 1.497686718047881671e+00 1.080761899134382809e+00 1.697691485514099541e-01 -3.411337152382657584e-02 3.281241665761403664e-02 4.137791391709524924e-01 5.841168843164775693e-01 6.998601377815488744e-01 6.517459509193876954e-01 3.680002759319924710e-01 7.984557312240656013e-02
-1.100594133029566990e+01 4.471062953368430293e+00 1.940835693021083497e+00 9.696730424160393547e-01 4.083505058471175175e-01 6.337388308909928103e-01 5.729904974985794430e-01 2.655453251990155250e-01 -1.378778608136708439e-01 -2.493671230771595804e-01 1.838852076791571560e-02 1.847184374927135497e-01 2.007358333204584677e-01
-1.369032115919845971e+01 2.717179203674864763e+00 2.093432087176970047e+00 1.547265130617442308e+00 7.220820039047716188e-01 3.758527328620911989e-01 2.892746491937390751e-01 3.158204993996219234e-01 2.107475936913940084e-01 1.469563668568847070e-01 1.149054581131574021e-01 7.998032555108394726e-02 2.049014161328209863e-02
-1.046462322373352904e+01 4.372677807448269505e+00 1.134640030549519674e+00 1.024975501520223181e-01 -1.847721443450168199e-01 9.262511759471541151e-01 1.214163493268508365e+00 8.114354514731897394e-01 3.381300167452980787e-01 3.135207792326103471e-01 6.144012684302434524e-01 3.743207805131577026e-01 4.839896606223152709e-02
-1.537749890411930842e+01 -3.176606409427707778e+00 9.098663038608356679e-02 -2.537123885131044032e-01 9.349894174687733983e-02 -1.175814362034938720e-01 4.603182312435653151e-02 2.591494163775936305e-02 6.944798399103267739e-02 -1.956060623250102312e-02 9.895507183560322759e-03 -2.233899096045105157e-03 1.428084172882136509e-02
-8.400439712480386234e+00 4.314414677198537440e+00 1.937192283377084379e-01 2.845394651448005519e-01 -5.455057164450490687e-02 7.998391200500981624e-01 5.397255557474816001e-01 4.138369321908151877e-01 4.229893718952135728e-01 6.376772962320251814e-01 7.858688324784169899e-01 -7.891951274679936956e-02 -3.218026072768954693e-01
